   1.0000000e+09  -3.8100022e-01   0.0000000e+00
   1.0550000e+09  -3.7689142e-01   0.0000000e+00
   1.1100000e+09  -3.7739420e-01   0.0000000e+00
   1.1650000e+09  -3.7619700e-01   0.0000000e+00
   1.2200000e+09  -3.7290700e-01   0.0000000e+00
   1.2750000e+09  -3.6532705e-01   0.0000000e+00
   1.3300000e+09  -3.5010587e-01   0.0000000e+00
   1.3850000e+09  -3.9026814e-01   0.0000000e+00
   1.4400000e+09  -3.5635568e-01   0.0000000e+00
   1.4950000e+09  -3.6952008e-01   0.0000000e+00
   1.5500000e+09  -3.6525976e-01   0.0000000e+00
   1.6050000e+09  -3.4500002e-01   0.0000000e+00
   1.6600000e+09  -3.7392890e-01   0.0000000e+00
   1.7150000e+09  -3.4214667e-01   0.0000000e+00
   1.7700000e+09  -3.5905838e-01   0.0000000e+00
   1.8250000e+09  -3.5078893e-01   0.0000000e+00
   1.8800000e+09  -3.3015107e-01   0.0000000e+00
   1.9350000e+09  -3.6476389e-01   0.0000000e+00
   1.9900000e+09  -3.3971012e-01   0.0000000e+00
   2.0450000e+09  -3.4345646e-01   0.0000000e+00
   2.1000000e+09  -3.5981970e-01   0.0000000e+00
   2.1550000e+09  -3.1141103e-01   0.0000000e+00
   2.2100000e+09  -3.7738242e-01   0.0000000e+00
   2.2650000e+09  -3.4655608e-01   0.0000000e+00
   2.3200000e+09  -3.4936414e-01   0.0000000e+00
   2.3750000e+09  -3.4014175e-01   0.0000000e+00
   2.4300000e+09  -3.3635023e-01   0.0000000e+00
   2.4850000e+09  -3.6373800e-01   0.0000000e+00
   2.5400000e+09  -3.4374110e-01   0.0000000e+00
   2.5950000e+09  -3.3901583e-01   0.0000000e+00
   2.6500000e+09  -3.4888108e-01   0.0000000e+00
   2.7050000e+09  -3.2407451e-01   0.0000000e+00
   2.7600000e+09  -3.8797285e-01   0.0000000e+00
   2.8150000e+09  -3.4174622e-01   0.0000000e+00
   2.8700000e+09  -3.3608633e-01   0.0000000e+00
   2.9250000e+09  -3.7073037e-01   0.0000000e+00
   2.9800000e+09  -3.1829165e-01   0.0000000e+00
   3.0350000e+09  -3.9134259e-01   0.0000000e+00
   3.0900000e+09  -3.3412444e-01   0.0000000e+00
   3.1450000e+09  -3.3672791e-01   0.0000000e+00
   3.2000000e+09  -3.6720673e-01   0.0000000e+00
   3.2550000e+09  -3.1894115e-01   0.0000000e+00
   3.3100000e+09  -3.8070245e-01   0.0000000e+00
   3.3650000e+09  -3.5214612e-01   0.0000000e+00
   3.4200000e+09  -3.1366301e-01   0.0000000e+00
   3.4750000e+09  -3.6593773e-01   0.0000000e+00
   3.5300000e+09  -3.1912639e-01   0.0000000e+00
   3.5850000e+09  -3.8162007e-01   0.0000000e+00
   3.6400000e+09  -3.4011388e-01   0.0000000e+00
   3.6950000e+09  -3.0759664e-01   0.0000000e+00
   3.7500000e+09  -3.4525400e-01   0.0000000e+00
   3.8050000e+09  -3.0998985e-01   0.0000000e+00
   3.8600000e+09  -3.6064960e-01   0.0000000e+00
   3.9150000e+09  -3.0245812e-01   0.0000000e+00
   3.9700000e+09  -2.6300885e-01   0.0000000e+00
   4.0250000e+09  -3.7390954e-01   0.0000000e+00
   4.0800000e+09  -2.5160997e-01   0.0000000e+00
   4.1350000e+09  -3.6342356e-01   0.0000000e+00
   4.1900000e+09  -2.8112052e-01   0.0000000e+00
   4.2450000e+09  -2.6440905e-01   0.0000000e+00
   4.3000000e+09  -3.4029930e-01   0.0000000e+00
   4.3550000e+09  -2.8887645e-01   0.0000000e+00
   4.4100000e+09  -3.0224032e-01   0.0000000e+00
   4.4650000e+09  -3.1685727e-01   0.0000000e+00
   4.5200000e+09  -2.5371994e-01   0.0000000e+00
   4.5750000e+09  -3.3520989e-01   0.0000000e+00
   4.6300000e+09  -3.0752498e-01   0.0000000e+00
   4.6850000e+09  -3.0523553e-01   0.0000000e+00
   4.7400000e+09  -3.4955939e-01   0.0000000e+00
   4.7950000e+09  -2.4239172e-01   0.0000000e+00
   4.8500000e+09  -3.8989797e-01   0.0000000e+00
   4.9050000e+09  -3.2516466e-01   0.0000000e+00
   4.9600000e+09  -3.3570566e-01   0.0000000e+00
   5.0150000e+09  -3.2950677e-01   0.0000000e+00
   5.0700000e+09  -2.9632709e-01   0.0000000e+00
   5.1250000e+09  -3.9020121e-01   0.0000000e+00
   5.1800000e+09  -3.1624901e-01   0.0000000e+00
   5.2350000e+09  -3.6118903e-01   0.0000000e+00
   5.2900000e+09  -3.6976220e-01   0.0000000e+00
   5.3450000e+09  -2.8081955e-01   0.0000000e+00
   5.4000000e+09  -4.4386149e-01   0.0000000e+00
   5.4550000e+09  -3.2655176e-01   0.0000000e+00
   5.5100000e+09  -3.5604658e-01   0.0000000e+00
   5.5650000e+09  -3.7806586e-01   0.0000000e+00
   5.6200000e+09  -2.8782849e-01   0.0000000e+00
   5.6750000e+09  -4.0198111e-01   0.0000000e+00
   5.7300000e+09  -3.2713046e-01   0.0000000e+00
   5.7850000e+09  -3.1348611e-01   0.0000000e+00
   5.8400000e+09  -3.8352948e-01   0.0000000e+00
   5.8950000e+09  -2.3613733e-01   0.0000000e+00
   5.9500000e+09  -4.5382764e-01   0.0000000e+00
   6.0050000e+09  -2.9591685e-01   0.0000000e+00
   6.0600000e+09  -3.1713069e-01   0.0000000e+00
   6.1150000e+09  -3.1515845e-01   0.0000000e+00
   6.1700000e+09  -2.7720098e-01   0.0000000e+00
   6.2250000e+09  -3.8248980e-01   0.0000000e+00
   6.2800000e+09  -2.8762205e-01   0.0000000e+00
   6.3350000e+09  -2.5273653e-01   0.0000000e+00
   6.3900000e+09  -2.8079823e-01   0.0000000e+00
   6.4450000e+09  -2.7255564e-01   0.0000000e+00
   6.5000000e+09  -3.8731129e-01   0.0000000e+00
   6.5550000e+09  -2.6640606e-01   0.0000000e+00
   6.6100000e+09  -2.6886149e-01   0.0000000e+00
   6.6650000e+09  -3.9682661e-01   0.0000000e+00
   6.7200000e+09  -2.1765720e-01   0.0000000e+00
   6.7750000e+09  -4.8328493e-01   0.0000000e+00
   6.8300000e+09  -2.4422820e-01   0.0000000e+00
   6.8850000e+09  -3.1075889e-01   0.0000000e+00
   6.9400000e+09  -3.7459582e-01   0.0000000e+00
   6.9950000e+09  -2.9401878e-01   0.0000000e+00
   7.0500000e+09  -4.1034411e-01   0.0000000e+00
   7.1050000e+09  -3.2470938e-01   0.0000000e+00
   7.1600000e+09  -2.4949622e-01   0.0000000e+00
   7.2150000e+09  -4.0936478e-01   0.0000000e+00
   7.2700000e+09  -3.4087702e-01   0.0000000e+00
   7.3250000e+09  -4.1091227e-01   0.0000000e+00
   7.3800000e+09  -3.6538775e-01   0.0000000e+00
   7.4350000e+09  -2.3395232e-01   0.0000000e+00
   7.4900000e+09  -4.4671752e-01   0.0000000e+00
   7.5450000e+09  -3.3452204e-01   0.0000000e+00
   7.6000000e+09  -3.8234939e-01   0.0000000e+00
   7.6550000e+09  -2.7954740e-01   0.0000000e+00
   7.7100000e+09  -2.8796878e-01   0.0000000e+00
   7.7650000e+09  -4.2654606e-01   0.0000000e+00
   7.8200000e+09  -2.5584995e-01   0.0000000e+00
   7.8750000e+09  -4.3305400e-01   0.0000000e+00
   7.9300000e+09  -2.2621658e-01   0.0000000e+00
   7.9850000e+09  -3.1381412e-01   0.0000000e+00
   8.0400000e+09  -4.2381960e-01   0.0000000e+00
   8.0950000e+09  -2.6291467e-01   0.0000000e+00
   8.1500000e+09  -3.3286445e-01   0.0000000e+00
   8.2050000e+09  -2.8241050e-01   0.0000000e+00
   8.2600000e+09  -2.0502956e-01   0.0000000e+00
   8.3150000e+09  -3.9957240e-01   0.0000000e+00
   8.3700000e+09  -2.9433837e-01   0.0000000e+00
   8.4250000e+09  -1.9595104e-01   0.0000000e+00
   8.4800000e+09  -3.8445266e-01   0.0000000e+00
   8.5350000e+09  -1.1954760e-01   0.0000000e+00
   8.5900000e+09  -4.9333856e-01   0.0000000e+00
   8.6450000e+09  -2.0492659e-01   0.0000000e+00
   8.7000000e+09  -2.3757813e-01   0.0000000e+00
   8.7550000e+09  -2.6836815e-01   0.0000000e+00
   8.8100000e+09  -2.1511326e-01   0.0000000e+00
   8.8650000e+09  -3.7043509e-01   0.0000000e+00
   8.9200000e+09  -2.2240344e-01   0.0000000e+00
   8.9750000e+09  -2.2459187e-01   0.0000000e+00
   9.0300000e+09  -2.6809732e-01   0.0000000e+00
   9.0850000e+09  -2.7210529e-01   0.0000000e+00
   9.1400000e+09  -4.1345248e-01   0.0000000e+00
   9.1950000e+09  -1.9081712e-01   0.0000000e+00
   9.2500000e+09  -3.1818033e-01   0.0000000e+00
   9.3050000e+09  -3.5410693e-01   0.0000000e+00
   9.3600000e+09  -2.4723553e-01   0.0000000e+00
   9.4150000e+09  -4.6288424e-01   0.0000000e+00
   9.4700000e+09  -2.5116401e-01   0.0000000e+00
   9.5250000e+09  -2.9503864e-01   0.0000000e+00
   9.5800000e+09  -4.2730373e-01   0.0000000e+00
   9.6350000e+09  -2.6423040e-01   0.0000000e+00
   9.6900000e+09  -4.6118087e-01   0.0000000e+00
   9.7450000e+09  -2.6952729e-01   0.0000000e+00
   9.8000000e+09  -2.8219479e-01   0.0000000e+00
   9.8550000e+09  -4.3016734e-01   0.0000000e+00
   9.9100000e+09  -3.2714330e-01   0.0000000e+00
   9.9650000e+09  -3.7462442e-01   0.0000000e+00
   1.0020000e+10  -3.4126856e-01   0.0000000e+00
   1.0075000e+10  -2.7829668e-01   0.0000000e+00
   1.0130000e+10  -4.1211687e-01   0.0000000e+00
   1.0185000e+10  -3.3958683e-01   0.0000000e+00
   1.0240000e+10  -3.1539733e-01   0.0000000e+00
   1.0295000e+10  -2.7534589e-01   0.0000000e+00
   1.0350000e+10  -2.8922187e-01   0.0000000e+00
   1.0405000e+10  -4.6279960e-01   0.0000000e+00
   1.0460000e+10  -1.8824570e-01   0.0000000e+00
   1.0515000e+10  -4.7580833e-01   0.0000000e+00
   1.0570000e+10  -1.4682374e-01   0.0000000e+00
   1.0625000e+10  -3.0363626e-01   0.0000000e+00
   1.0680000e+10  -4.0264797e-01   0.0000000e+00
   1.0735000e+10  -2.0511848e-01   0.0000000e+00
   1.0790000e+10  -3.1729262e-01   0.0000000e+00
   1.0845000e+10  -2.7494704e-01   0.0000000e+00
   1.0900000e+10  -2.1787757e-01   0.0000000e+00
   1.0955000e+10  -4.1894591e-01   0.0000000e+00
   1.1010000e+10  -2.3031310e-01   0.0000000e+00
   1.1065000e+10  -2.3884580e-01   0.0000000e+00
   1.1120000e+10  -3.6834198e-01   0.0000000e+00
   1.1175000e+10  -2.0897522e-01   0.0000000e+00
   1.1230000e+10  -4.3584683e-01   0.0000000e+00
   1.1285000e+10  -2.2311873e-01   0.0000000e+00
   1.1340000e+10  -2.6765004e-01   0.0000000e+00
   1.1395000e+10  -3.2076606e-01   0.0000000e+00
   1.1450000e+10  -2.9278884e-01   0.0000000e+00
   1.1505000e+10  -3.3626214e-01   0.0000000e+00
   1.1560000e+10  -1.7502139e-01   0.0000000e+00
   1.1615000e+10  -3.1264297e-01   0.0000000e+00
   1.1670000e+10  -2.5523621e-01   0.0000000e+00
   1.1725000e+10  -3.1964031e-01   0.0000000e+00
   1.1780000e+10  -3.6298098e-01   0.0000000e+00
   1.1835000e+10  -1.1765869e-01   0.0000000e+00
   1.1890000e+10  -3.4928562e-01   0.0000000e+00
   1.1945000e+10  -3.1056580e-01   0.0000000e+00
   1.2000000e+10  -2.7416544e-01   0.0000000e+00
